001000001010101100101001110110001 01001010100001000
010100100000100011101011011111111 00111101100010001
100110111011100011001000111100101 01100100101010111
010101111011010111110111001011101 01001110111001001
101011001011010110110110001000000 01100010110101011
100010010100000000000001010111111 10001010101000000
110101011111101100010101010011111 11101011010010110
011110111100001110111001110110000 00110101100110111
101100111101110111010111001001010 10001011000000101
101000100000000111111000001111110 10011010010000001
010100100110100010010111001010010 11101001100100010
001001001011111001000010000001100 01100110110001000
111111011100111011111111101010010 11111101011101111
100000011101111010100110000101010 00100111111100111
110000111110011000110101011010111 11111001010100100
000101110000111110001010011110010 10100001100010000
111010000001111000101010001001111 00010010010001101
111111101100001111001111010110100 11001110000111011
110101100101101010011110000110101 01110100011101011
010100011011101100011111001101001 01110000111100000
111101011001101111101010001111101 11011111110110101
110000010000000101100101010110000 00100110010110011
110000111010011000111000001111011 11111011111001000
000011000001101110100000100110110 10101100101101100
010101100101100100010000000001101 01100110011000000
111010101111100000010111111000100 00000010110110101
001011101001011100110001110001001 01100000010111000
111000000101100111101111011010000 11001111110000011
011101100110110000111111101110110 10110110001001110
101111110101111000101000101010000 11101000000001100
001001110110111100101100010110010 01010011110010000
111110000011100001110110111110111 01101111001101001
000111100001010111101111100000001 00001101100101101
110000110001001111100100001110010 10100111010011001
100010011001101001000011101110111 11001101010101100
110010010010100001100110101111001 00101111111001011
101110101110011010011010110111000 01010101110000101
101101010100010110011010100011010 01001111110100101
101001010111001001101110111110000 00010100011010101
010011001000111111101100000011010 00111000100111001
110101100001010010111010000001000 10010000000110001
000011001011101100101100110110010 00111001100101000
100101000000011011110111000100111 10001011000110101
011111110010011111111100001011000 01111011010100111
110001110100101001000011010110110 00001010101001011
000111001011101010100000110010100 10111101100001000
111101111010001101110001100001010 01101001001010001
110010100011001100101110011100010 11111000101001000
000111010010111110010000111100111 10101110001000110
101101100000000101011010101101110 00010000101110001
001001110110101000011110010110111 01000101110001100
011101000100110011001001000001110 00111101010100111
101010111110001010000110011110101 00110010010111011
000110100011110110111101010001110 11010111100001000
100110000101101110000010111001011 00011011010000011
110000100101101111110100001010010 10110110100001001
100000010001000001111100110111110 11111101111011110
000100110011010010001111000001110 10100010001110110
111011010110010001101111110000100 01011101001001101
101110111111101010000011001001010 00111111000111111
011001110011100111101011010011011 01010010100001111
010101110001011101001110111001001 10100101111111000
101011111111110011101011000001011 10011011000000101
111111100100101000010100100001011 00010010110100001
